{"numerics": {"tolerance_boundary_conditions": 1e-08, "solver_jacobian": "none", "time": {"integrate": [], "control_points": [], "differentiate": []}, "number_control_points": 16, "tag": "numerics", "tolerance_solution": 1e-08, "converged": null, "discretization_method": null, "dimensionless": {"integrate": [], "control_points": [], "differentiate": []}}, "segments": {"climb_1": {"numerics": {"tolerance_boundary_conditions": 1e-08, "solver_jacobian": "none", "time": {"integrate": [[0.0, 0.0, 0.0, 0.0, 0.0, 0.0, 0.0, 0.0, 0.0, 0.0, 0.0, 0.0, 0.0, 0.0, 0.0, 0.0], [0.0, 2.387430937476338, -1.4436306453170145, 1.3776981986351835, -1.356820053378497, 1.3475104526491943, -1.3425598516899735, 1.3396273323870023, -1.337762312330373, 1.3365189149305858, -1.3356659086753266, 1.3350744863066837, -1.3346693594179186, 1.3344055074860326, -1.3342564527335596, 0.6671041119859996], [0.0, 4.037246445894717, 2.735267871883435, -0.4008819431944358, 0.17865799332308183, -0.09881560483970146, 0.06012438599203515, -0.03831106976420744, 0.02484160024461956, -0.01602968588560454, 0.010060456056356144, -0.005957501094492196, 0.0031636730896498176, -0.001351357466321793, 0.0003300652408687933, -3.1175684042883786e-15], [0.0, 3.7856186291045906, 6.177012231995521, 5.471810221838979, -1.9484551352672193, 1.610458770204872, -1.4877144054506377, 1.4273411355870957, -1.3928356599570921, 1.3713230647179744, -1.3572050149698645, 1.3477073361123717, -1.3413342839725817, 1.3372404164424079, -1.3349472265315487, 0.667104111985997], [0.0, 3.895446286222815, 5.568318504235125, 10.544831136723387, 5.401879582713499, -0.8216399218623436, 0.3726463111701763, -0.20686178443777237, 0.12410857934661261, -0.07632031166370484, 0.046414133477540455, -0.026909470732914546, 0.014088662585476986, -0.005963363346269581, 0.0014491212544338549, -3.318762387349124e-15], [0.0, 3.835602271856924, 5.853199619859367, 9.60308115913856, 11.861730104826018, 7.718983123449168, -2.297539254661612, 1.7656991774953394, -1.5693590672701274, 1.47137053108574, -1.414982552716277, 1.3800825422565008, -1.3579060992335357, 1.344154604291523, -1.3366139731509707, 0.6671041119859982], [0.0, 3.87172305663668, 5.691814553563072, 10.05423874568301, 10.643663766617252, 15.257492316078316, 7.091987254242916, -1.0616701068787355, 0.4678194982540315, -0.24828862577186586, 0.13889149370406742, -0.07648893805275124, 0.03876248319327385, -0.016079398916145928, 0.0038643927002032412, -2.7817650414848756e-15], [0.0, 3.8487461413713007, 5.791121630894238, 9.796230331128188, 11.228942109661945, 13.83756793274981, 15.352705913971626, 8.79748168915198, -2.4274716275062187, 1.8015694605948682, -1.571575695302382, 1.4582585030531872, -1.395167755167402, 1.3590392329198777, -1.340118243442642, 0.6671041119859985], [0.0, 3.863713862139497, 5.727687487111519, 9.954621407130809, 10.896497846162244, 14.513128892761129, 13.81644712790404, 17.391925932087613, 7.501180839401416, -1.0688975494447237, 0.43819348868092656, -0.20839398441851648, 0.09743154480721096, -0.03860313483484255, 0.009057701297556718, -6.80107733849161e-16], [0.0, 3.853939449968659, 5.768597894975539, 9.85489939274213, 11.097037063296181, 14.136869927726678, 14.532096990298772, 15.830843030299373, 16.026124411460128, 8.526029334255997, -2.3159391186195797, 1.7110925825981838, -1.4947850937196105, 1.3949121664683284, -1.3481274379398316, 0.6671041119860015], [0.0, 3.8602095918478274, 5.742572115739875, 9.917359751196942, 10.974673806958931, 14.356535750175011, 14.146646057413168, 16.533813371851515, 14.532963351058067, 16.58134761918852, 6.556778297981542, -0.8411819795825808, 0.29058071679684344, -0.10068112379996139, 0.02220157081192874, 2.2105893158775762e-15], [0.0, 3.856354721414431, 5.758481859405667, 9.879573213349925, 11.047457595976345, 14.229347287953175, 14.360128676190595, 16.17455394920677, 15.17131608901918, 15.245370277328762, 13.763193119321038, 6.952876766501938, -1.9853774847599523, 1.518408215796284, -1.371850667525962, 0.6671041119860013], [0.0, 3.858542845228403, 5.749486303588986, 9.90078793593599, 11.007049013103051, 14.298758212428579, 14.246693523780923, 16.357289964538456, 14.871321392966289, 15.771522769977544, 12.66530265122579, 12.969003260510668, 4.421851654096451, -0.42449373593612655, 0.07218521356427496, -3.6460871437015284e-15], [0.0, 3.857473777427986, 5.753869853525713, 9.890498202845755, 11.02650562633791, 14.265700965374329, 14.299838050412493, 16.273820928308727, 15.002765374345564, 15.557892202506855, 13.040368802298334, 12.176098355892355, 8.960335595157874, 4.351458848147959, -1.5136508271978575, 0.6671041119859965], [0.0, 3.8578520714304103, 5.75232121254537, 9.894123011381332, 11.01968186290874, 14.277219106134021, 14.28149767356833, 16.30221661691173, 14.959035196166376, 15.626368216216862, 12.928250968781452, 12.37736817862193, 8.515963677300265, 7.1961491413764, 1.4703729051925265, -4.327513306989628e-15], [0.0, 3.857803842668853, 5.752518496059404, 9.89366187593541, 11.020548125243433, 14.275761421430685, 14.283808364526912, 16.298662528553354, 14.964454304581377, 15.618016588498898, 12.941553197458646, 12.354756349215442, 8.559453651963457, 7.086726720031386, 2.5235956186968624, 0.6671041119859953]], "control_points": [[0.0], [1.6400053583142862], [6.488345329479998], [14.33312419184079], [24.831487465686052], [37.52460629921256], [51.85773049105335], [67.20443373606433], [82.89399146078591], [98.2406947057969], [112.57381889763768], [125.26693773116416], [135.76530100500946], [143.61007986737027], [148.45841983853597], [150.09842519685026]], "differentiate": [[-1.0015650273224082, 1.2195082106656907, -0.308244999062078, 0.13953691974137158, -0.08054289952479668, 0.053298360655737766, -0.03856705607942187, 0.029759941254095076, -0.02412720107640282, 0.020358162225841688, -0.017766120218579252, 0.01596590478081461, -0.014731304576315888, 0.013926599037108545, -0.013471785582624475, 0.006662295081967219], [-0.3048770526664227, 0.15075455313538386, 0.2062561631294937, -0.07878284392632381, 0.04311927954281692, -0.02786710660784536, 0.01991328753655664, -0.01525217293497155, 0.012307088525341668, -0.0103518930015385, 0.00901438405563804, -0.008088852330203199, 0.007455715159309995, -0.007043737938844373, 0.006811134717264726, -0.0033679463956561187], [0.0770612497655195, -0.2062561631294937, 0.036789800003120904, 0.12747331920317023, -0.05451628693571427, 0.032220376061898315, -0.022041294948977466, 0.01647009921494803, -0.013088038000247564, 0.010898903480918603, -0.00942636127610366, 0.008419025514448014, -0.007735330668753423, 0.007292789894833733, -0.007043737938844373, 0.003481649759277137], [-0.034884229935342896, 0.07878284392632381, -0.12747331920317023, 0.01560070189563198, 0.09525294314127193, -0.04311927954281692, 0.026649180327868876, -0.018913849659115453, 0.01458557978966747, -0.011917875751552988, 0.010179081112920846, -0.009014384055638041, 0.008235049607474015, -0.007735330668753423, 0.007455715159309995, -0.003682826144078972], [0.02013572488119917, -0.04311927954281692, 0.05451628693571427, -0.09525294314127193, 0.008072124342997812, 0.07878284392632381, -0.037001073329407365, 0.023599963845305497, -0.017222819051765217, 0.013622269434529448, -0.011397007392897323, 0.009956643768278322, -0.009014384055638038, 0.00841902551444801, -0.008088852330203195, 0.003991476195203652], [-0.013324590163934441, 0.02786710660784536, -0.032220376061898315, 0.04311927954281692, -0.07878284392632381, 0.004441530054644815, 0.06976845987068575, -0.03369291826671324, 0.022041294948977466, -0.01647009921494803, 0.013324590163934441, -0.011397007392897328, 0.010179081112920844, -0.009426361276103657, 0.009014384055638038, -0.004441530054644813], [0.009641764019855467, -0.01991328753655664, 0.022041294948977466, -0.026649180327868876, 0.037001073329407365, -0.06976845987068575, 0.0022761117316975354, 0.06516057449179434, -0.032220376061898315, 0.021559639771408453, -0.016470099214948037, 0.013622269434529457, -0.011917875751552988, 0.0108989034809186, -0.0103518930015385, 0.005089540556460422], [-0.007439985313523769, 0.01525217293497155, -0.01647009921494803, 0.018913849659115453, -0.023599963845305497, 0.03369291826671324, -0.06516057449179434, 0.0007040925222114347, 0.06373665960158514, -0.03222037606189831, 0.022041294948977472, -0.017222819051765228, 0.01458557978966747, -0.013088038000247557, 0.012307088525341668, -0.006031800269100705], [0.006031800269100705, -0.012307088525341668, 0.013088038000247564, -0.01458557978966747, 0.017222819051765217, -0.022041294948977466, 0.032220376061898315, -0.06373665960158514, -0.0007040925222114229, 0.06516057449179431, -0.03369291826671325, 0.023599963845305518, -0.01891384965911545, 0.016470099214948027, -0.015252172934971548, 0.007439985313523768], [-0.005089540556460422, 0.0103518930015385, -0.010898903480918603, 0.011917875751552988, -0.013622269434529448, 0.01647009921494803, -0.021559639771408453, 0.03222037606189831, -0.06516057449179431, -0.002276111731697648, 0.06976845987068588, -0.03700107332940742, 0.026649180327868876, -0.022041294948977462, 0.01991328753655664, -0.009641764019855467], [0.004441530054644813, -0.00901438405563804, 0.00942636127610366, -0.010179081112920846, 0.011397007392897323, -0.013324590163934441, 0.016470099214948037, -0.022041294948977472, 0.03369291826671325, -0.06976845987068588, -0.004441530054644827, 0.07878284392632393, -0.04311927954281688, 0.03222037606189829, -0.027867106607845343, 0.013324590163934433], [-0.003991476195203653, 0.008088852330203199, -0.008419025514448014, 0.009014384055638041, -0.009956643768278322, 0.011397007392897328, -0.013622269434529457, 0.017222819051765228, -0.023599963845305518, 0.03700107332940742, -0.07878284392632393, -0.008072124342997457, 0.09525294314127156, -0.05451628693571412, 0.043119279542816843, -0.02013572488119914], [0.003682826144078972, -0.007455715159309995, 0.007735330668753423, -0.008235049607474015, 0.009014384055638038, -0.010179081112920844, 0.011917875751552988, -0.01458557978966747, 0.01891384965911545, -0.026649180327868876, 0.04311927954281688, -0.09525294314127156, -0.015600701895632169, 0.1274733192031701, -0.07878284392632381, 0.034884229935342896], [-0.0034816497592771362, 0.007043737938844373, -0.007292789894833733, 0.007735330668753423, -0.00841902551444801, 0.009426361276103657, -0.0108989034809186, 0.013088038000247557, -0.016470099214948027, 0.022041294948977462, -0.03222037606189829, 0.05451628693571412, -0.1274733192031701, -0.036789800003121195, 0.20625616312949407, -0.07706124976551959], [0.0033679463956561187, -0.006811134717264726, 0.007043737938844373, -0.007455715159309995, 0.008088852330203195, -0.009014384055638038, 0.0103518930015385, -0.012307088525341668, 0.015252172934971548, -0.01991328753655664, 0.027867106607845343, -0.043119279542816843, 0.07878284392632381, -0.20625616312949407, -0.1507545531353836, 0.3048770526664227], [-0.006662295081967219, 0.013471785582624475, -0.013926599037108548, 0.014731304576315888, -0.015965904780814607, 0.017766120218579252, -0.020358162225841688, 0.02412720107640282, -0.029759941254095073, 0.03856705607942187, -0.05329836065573773, 0.08054289952479655, -0.13953691974137158, 0.30824499906207836, -1.2195082106656907, 1.0015650273224077]]}, "number_control_points": 16, "tag": "numerics", "tolerance_solution": 1e-08, "converged": null, "discretization_method": null, "dimensionless": {"integrate": [[0.0, 0.0, 0.0, 0.0, 0.0, 0.0, 0.0, 0.0, 0.0, 0.0, 0.0, 0.0, 0.0, 0.0, 0.0, 0.0], [0.0, 0.015905769393284995, -0.009617893348472708, 0.00917863193320228, -0.009039535568738061, 0.008977512261584148, -0.00894452989716075, 0.00892499258823079, -0.00891256727427974, 0.008904283393898206, -0.008898600414518905, 0.00889466018418093, -0.008891961109302338, 0.008890203249874166, -0.008889210203129822, 0.004444444444444434], [0.0, 0.026897327141174012, 0.01822316169071195, -0.0026707937985937518, 0.0011902722702705002, -0.0006583387181451592, 0.00040056640110103453, -0.00025523965167498225, 0.00016550207113792456, -0.00010679449744114247, 6.702572690660887e-05, -3.969063024264968e-05, 2.1077323666126017e-05, -9.003142201855365e-06, 2.1989920309684874e-06, -2.0770160647586855e-17], [0.0, 0.025220908374887, 0.041153078214475114, 0.03645481433041579, -0.012981183065124568, 0.010729351544446895, -0.009911592366805569, 0.009509367827911414, -0.009279482167320701, 0.009136158909858775, -0.009042100296454974, 0.008978823957312596, -0.008936364803384552, 0.00890909024987205, -0.008893812342006917, 0.004444444444444417], [0.0, 0.02595261263476973, 0.037097780985592736, 0.07025277662236702, 0.035988915777291276, -0.005474007610571422, 0.002482679686222292, -0.001378174249106734, 0.0008268479778108756, -0.0005084684370513062, 0.00030922465320118783, -0.0001792788345222374, 9.38628274547189e-05, -3.9729686293835406e-05, 9.654473406588839e-06, -2.2110574331453857e-17], [0.0, 0.025553914152174676, 0.03899574304116146, 0.06397856037826088, 0.07902634614100489, 0.051426143301143354, -0.015306884476958686, 0.011763608946460764, -0.010455533195714432, 0.00980270465300402, -0.009427031302031073, 0.009194517133984302, -0.009046771126696876, 0.008955154609575007, -0.008904916699812377, 0.0044444444444444245], [0.0, 0.025794561478969642, 0.037920548107672696, 0.06698430534828818, 0.0709112287664468, 0.1016499160205612, 0.04724891180531678, -0.007073159531729811, 0.003116751542466206, -0.0016541720903883012, 0.0009253361154316893, -0.0005095918758137399, 0.00025824710114338536, -0.00010712570032002804, 2.5745724481354078e-05, -1.8532939555073023e-17], [0.0, 0.025641482489398328, 0.038582161160580664, 0.06526537715689343, 0.07481052579289539, 0.09218996078474635, 0.1022842571055422, 0.058611418991333895, -0.016172532285549643, 0.012002587357143527, -0.010470301025752273, 0.009715348453128127, -0.009295019273771028, 0.009054320397682603, -0.008928263182542463, 0.004444444444444427], [0.0, 0.02574120186186054, 0.03815954417642825, 0.06632062524357318, 0.07259568401115311, 0.09669074724619882, 0.0920492477504952, 0.11587014260328544, 0.04997508021529079, -0.007121310886792395, 0.002919374324588995, -0.0013883822175030356, 0.0006491177017975504, -0.00025718547535868893, 6.034507880864022e-05, -4.531078410431136e-18], [0.0, 0.025676081843725645, 0.038432101385541984, 0.06565624775754762, 0.0739317354512061, 0.09418399899390373, 0.09681711830913814, 0.10546974766415855, 0.10677076984946561, 0.056802923302321964, -0.015429469800114722, 0.011399803697834467, -0.00995869937848607, 0.009293316466438183, -0.008981622799651607, 0.004444444444444447], [0.0, 0.025717855379130468, 0.038258709964535856, 0.06607237709649903, 0.07311651533029695, 0.09564747752247754, 0.0942491304546347, 0.1101531435134502, 0.096822890260164, 0.11046983069570854, 0.04368319180819182, -0.005604202565612478, 0.0019359344804301193, -0.0006707673559394155, 0.0001479134160322598, 1.4727598327420456e-17], [0.0, 0.02569217309480043, 0.038364705371515824, 0.06582063203123628, 0.0736014224099146, 0.09480011045613403, 0.09567141465580103, 0.10775965122881374, 0.10107578456684263, 0.10156915542141663, 0.09169445383101762, 0.04632211668699, -0.013227170652564678, 0.010116083588518203, -0.009139673955451663, 0.004444444444444445], [0.0, 0.02570675102132499, 0.03830477432423879, 0.06596197077318672, 0.07333220850696859, 0.0952625465169013, 0.09491567619777988, 0.1089770924850563, 0.0990771313787132, 0.1050745385855554, 0.08437998356488796, 0.08640332664051706, 0.0294596805282754, -0.0028281025292531473, 0.0004809191933200225, -2.42913084459066e-17], [0.0, 0.025699628576175984, 0.0383339788274238, 0.0658934175350249, 0.07346183420563493, 0.0950423093824284, 0.09526974071619086, 0.10842099713548643, 0.09995284996941053, 0.10365126870653757, 0.08687878493859094, 0.08112076019401078, 0.05969639976839612, 0.028990702883398885, -0.010084388461855899, 0.004444444444444413], [0.0, 0.025702148882447873, 0.03832366132423673, 0.06591756707910454, 0.07341637228010027, 0.09511904663496511, 0.09514755171374056, 0.10861017759201529, 0.09966150661839378, 0.10410747611591047, 0.0861318228477506, 0.08246167914413044, 0.05673586292548903, 0.047942869033694616, 0.009796058174922021, -2.8831170622304694e-17], [0.0, 0.02570182756820694, 0.03832497568522203, 0.06591449485869105, 0.07342214357539238, 0.09510933510933502, 0.09516294621874988, 0.10858649920662442, 0.09969761031773569, 0.10405183510763866, 0.08622044622044588, 0.08231103246428131, 0.05702560596980249, 0.04721386457411079, 0.01681293867931813, 0.004444444444444405]], "control_points": [[0.0], [0.010926199633097156], [0.04322727117869957], [0.09549150281252627], [0.16543469682057083], [0.24999999999999994], [0.3454915028125263], [0.4477357683661733], [0.5522642316338267], [0.6545084971874737], [0.7499999999999999], [0.8345653031794289], [0.9045084971874737], [0.9567727288213005], [0.9890738003669028], [1.0]], "differentiate": [[-150.33333333333377, 183.04626193554887, -46.26708893402249, 20.944271909999163, -12.089362379460121, 8.000000000000002, -5.788854381999832, 4.466920316190448, -3.6214548859758136, 3.0557280900008412, -2.666666666666667, 2.396457164443136, -2.211145618000168, 2.0903605838179637, -2.0220938005415654, 1.0], [-45.76156548388722, 22.628021016876, 30.958725272881658, -11.825180805870444, 6.472135954999581, -4.182808816630328, 2.9889530997292173, -2.2893271383692513, 1.8472746064120107, -1.5538028373372241, 1.353044850870866, -1.2141239964133728, 1.1190911041287137, -1.0572539721198484, 1.0223405948650293, -0.5055234501353914], [11.566772233505622, -30.958725272881658, 5.522091043775524, 19.133544467011262, -8.182808816630333, 4.836227706141229, -3.3083636611408074, 2.472135954999579, -1.9644938927536926, 1.6359082488583518, -1.4148819828797312, 1.263682471410749, -1.1610609517567874, 1.0946362785060466, -1.0572539721198484, 0.522590145954491], [-5.236067977499791, 11.825180805870444, -19.133544467011262, 2.3416407864998767, 14.297316760870036, -6.472135954999581, 4.0, -2.8389390482432124, 2.1892725570120937, -1.7888543819998317, 1.5278640450004208, -1.3530448508708661, 1.2360679774997896, -1.1610609517567874, 1.1190911041287137, -0.552786404500042], [3.0223405948650304, -6.472135954999581, 8.182808816630333, -14.297316760870036, 1.2116131518771311, 11.825180805870444, -5.553802837337223, 3.542317407882958, -2.5851180171202692, 2.044681189730058, -1.7106728616307483, 1.494476549864609, -1.3530448508708657, 1.2636824714107484, -1.2141239964133723, 0.5991142911107837], [-2.0000000000000004, 4.182808816630328, -4.836227706141229, 6.472135954999581, -11.825180805870444, 0.666666666666667, 10.472135954999574, -5.057253972119846, 3.3083636611408074, -2.472135954999579, 2.0000000000000004, -1.710672861630749, 1.5278640450004206, -1.4148819828797308, 1.3530448508708657, -0.6666666666666666], [1.447213595499958, -2.9889530997292173, 3.3083636611408074, -4.0, 5.553802837337223, -10.472135954999574, 0.34164078649987584, 9.780499616140382, -4.836227706141229, 3.2360679774997894, -2.47213595499958, 2.0446811897300594, -1.7888543819998317, 1.6359082488583514, -1.5538028373372241, 0.7639320225002103], [-1.116730079047612, 2.2893271383692513, -2.472135954999579, 2.8389390482432124, -3.542317407882958, 5.057253972119846, -9.780499616140382, 0.10568317877681466, 9.566772233505636, -4.836227706141228, 3.3083636611408087, -2.5851180171202706, 2.1892725570120937, -1.9644938927536917, 1.8472746064120107, -0.9053637214939534], [0.9053637214939534, -1.8472746064120107, 1.9644938927536926, -2.1892725570120937, 2.5851180171202692, -3.3083636611408074, 4.836227706141229, -9.566772233505636, -0.10568317877681288, 9.780499616140377, -5.057253972119849, 3.542317407882961, -2.838939048243212, 2.4721359549995787, -2.289327138369251, 1.1167300790476118], [-0.7639320225002103, 1.5538028373372241, -1.6359082488583518, 1.7888543819998317, -2.044681189730058, 2.472135954999579, -3.2360679774997894, 4.836227706141228, -9.780499616140377, -0.3416407864998927, 10.472135954999594, -5.553802837337231, 4.0, -3.308363661140807, 2.9889530997292173, -1.447213595499958], [0.6666666666666667, -1.353044850870866, 1.4148819828797312, -1.5278640450004208, 1.7106728616307483, -2.0000000000000004, 2.47213595499958, -3.3083636611408087, 5.057253972119849, -10.472135954999594, -0.6666666666666687, 11.82518080587046, -6.472135954999574, 4.836227706141225, -4.182808816630326, 1.9999999999999991], [-0.599114291110784, 1.2141239964133728, -1.263682471410749, 1.3530448508708661, -1.494476549864609, 1.710672861630749, -2.0446811897300594, 2.5851180171202706, -3.542317407882961, 5.553802837337231, -11.82518080587046, -1.2116131518770779, 14.297316760869979, -8.182808816630311, 6.47213595499957, -3.0223405948650255], [0.552786404500042, -1.1190911041287137, 1.1610609517567874, -1.2360679774997896, 1.3530448508708657, -1.5278640450004206, 1.7888543819998317, -2.1892725570120937, 2.838939048243212, -4.0, 6.472135954999574, -14.297316760869979, -2.341640786499905, 19.13354446701124, -11.825180805870444, 5.236067977499791], [-0.5225901459544909, 1.0572539721198484, -1.0946362785060466, 1.1610609517567874, -1.2636824714107484, 1.4148819828797308, -1.6359082488583514, 1.9644938927536917, -2.4721359549995787, 3.308363661140807, -4.836227706141225, 8.182808816630311, -19.13354446701124, -5.522091043775568, 30.95872527288171, -11.566772233505636], [0.5055234501353914, -1.0223405948650293, 1.0572539721198484, -1.1190911041287137, 1.2141239964133723, -1.3530448508708657, 1.5538028373372241, -1.8472746064120107, 2.289327138369251, -2.9889530997292173, 4.182808816630326, -6.47213595499957, 11.825180805870444, -30.95872527288171, -22.628021016875962, 45.76156548388722], [-1.0, 2.0220938005415654, -2.090360583817964, 2.211145618000168, -2.396457164443135, 2.6666666666666665, -3.0557280900008412, 3.6214548859758136, -4.466920316190447, 5.788854381999832, -7.9999999999999964, 12.089362379460102, -20.944271909999163, 46.267088934022546, -183.04626193554887, 150.3333333333337]]}}, "unknowns": {"tag": "unknowns", "throttle": [[0.9015026593828056], [0.905098093668158], [0.9158433438255416], [0.9336039913524885], [0.9581191540841922], [0.9889489868877044], [1.0254080337787232], [1.0664939206283834], [1.110826245630993], [1.1566157479976773], [1.2016865099272145], [1.2435709741784635], [1.2796864280807463], [1.3075823199665455], [1.3252244663162904], [1.331262953311324]], "body_angle": [[0.22886564754580474], [0.22906605865859056], [0.22966252028147263], [0.23064037544433158], [0.2319741198155133], [0.23362601218286036], [0.23554458415658233], [0.23766350373612188], [0.2399013434617037], [0.24216282667201125], [0.24434202813129138], [0.24632775506684904], [0.24801093686512904], [0.24929336865280827], [0.2500967040232556], [0.2503703201885557]]}, "conditions": {"freestream": {"stagnation_temperature": [[296.3804199909861], [296.16380921629], [295.52345707408807], [294.48738748735764], [293.10093685778634], [291.4247630985643], [289.53218363063297], [287.5059605820519], [285.4346755050868], [283.4088534670746], [281.51700668192075], [279.84177059018975], [278.45630048160325], [277.4210847283626], [276.7813120965765], [276.56490630659397]], "reynolds_number": [[8803886.01326629], [8780884.274243908], [8713141.955197161], [8604345.088739153], [8460308.688129175], [8288529.925071568], [8097645.10892728], [7896854.314525474], [7695374.05104413], [7501965.803795282], [7324569.986434876], [7170054.857333257], [7044072.014120589], [6950996.888606786], [6893925.579813612], [6874698.475969054]], "temperature": [[288.15], [287.93338922530387], [287.2930370831019], [286.2569674963715], [284.8705168668002], [283.19434310757816], [281.3017636396468], [279.27554059106575], [277.2042555141006], [275.17843347608846], [273.2865866909346], [271.6113505992036], [270.22588049061704], [269.19066473737644], [268.5508921055904], [268.3344863156078]], "mach_number": [[0.377908524935029], [0.3780506475086286], [0.37847173462837413], [0.37915603043478335], [0.3800775772812041], [0.3812007214634819], [0.38248091829367026], [0.38386591432857053], [0.38529737866896047], [0.3867130285313582], [0.38804924490086345], [0.3892441043969946], [0.39024067177992955], [0.3909903182077045], [0.3914557720722815], [0.3916135904425522]], "density": [[1.2250000002007604], [1.221085688859251], [1.2095700043351483], [1.1911141595591042], [1.1667548057295722], [1.1378161090237418], [1.1058047476625388], [1.0723014333897953], [1.0388613596601548], [1.0069328095782075], [0.9777989039178944], [0.9525431084055223], [0.9320354668915364], [0.9169340884116148], [0.9076953520091874], [0.9045864861583481]], "speed_of_sound": [[340.77798740529], [340.64987693936354], [340.2708703652982], [339.6567539832715], [338.83321260854], [337.83489720650516], [336.7041344838569], [335.48929911091074], [334.24288271970994], [333.0193116061983], [331.8725863867142], [330.85383977791435], [330.0089300360939], [329.3762033315825], [328.98456412818337], [328.85198495059086]], "altitude": [[0.0], [33.324908880946325], [131.84317709503367], [291.24908357820516], [504.575825302741], [762.4999999999999], [1053.749083578205], [1365.5940935168285], [1684.4059064831713], [1996.250916421795], [2287.4999999999995], [2545.424174697258], [2758.750916421795], [2918.1568229049667], [3016.675091119054], [3050.0]], "dynamic_pressure": [[10129.500501660083], [10097.133139463369], [10001.910174447254], [9849.29916311104], [9647.872153481718], [9408.57864919514], [9143.87734232658], [8866.839106671549], [8590.323805802627], [8326.307263746006], [8085.39958051899], [7876.559912543095], [7706.982635016776], [7582.109638393875], [7505.71471185693], [7480.007562313657]], "gravity": [[9.80665], [9.80665], [9.80665], [9.80665], [9.80665], [9.80665], [9.80665], [9.80665], [9.80665], [9.80665], [9.80665], [9.80665], [9.80665], [9.80665], [9.80665], [9.80665]], "universal_gas_constant": 287.87, "pressure": [[101325.0], [100925.30495714533], [99751.17235108379], [97874.90496004953], [95408.92480186395], [92495.0628470923], [89292.05229651878], [85963.02454142075], [82664.56521123594], [79538.38814639613], [76706.07526060317], [74266.75598448461], [72297.16694736177], [70853.28871972956], [69972.69654930866], [69676.84652331556]], "specific_heat_at_constant_pressure": 1007.5450000000002, "velocity": [[128.6], [128.6], [128.6], [128.6], [128.6], [128.6], [128.6], [128.6], [128.6], [128.6], [128.6], [128.6], [128.6], [128.6], [128.6], [128.6]], "dynamic_viscosity": [[1.789380278077583e-05], [1.7883349180207834e-05], [1.7852423770591522e-05], [1.7802317240828703e-05], [1.7735129242666237e-05], [1.7653691661032368e-05], [1.756146245439015e-05], [1.74623918387703e-05], [1.7360763747951797e-05], [1.726101700520243e-05], [1.7167552399215407e-05], [1.7084533686051912e-05], [1.7015692173785274e-05], [1.6964145669955603e-05], [1.6932242873375704e-05], [1.6921443540629727e-05]], "isentropic_expansion_factor": 1.4, "stagnation_pressure": [[111821.34472549436], [111388.38911933292], [110116.40184949184], [108083.29325848776], [105410.2788765673], [102250.42583928685], [98775.257971377], [95161.33337558778], [91578.45663399846], [88180.6615611799], [85100.45480319716], [82446.19955501572], [80302.05479119404], [78729.62091347793], [77770.37374357614], [77448.05481956028]]}, "energies": {"propulsion_power": [[0.0], [0.0], [0.0], [0.0], [0.0], [0.0], [0.0], [0.0], [0.0], [0.0], [0.0], [0.0], [0.0], [0.0], [0.0], [0.0]], "total_efficiency": [[0.0], [0.0], [0.0], [0.0], [0.0], [0.0], [0.0], [0.0], [0.0], [0.0], [0.0], [0.0], [0.0], [0.0], [0.0], [0.0]], "gravity_energy": [[0.0], [0.0], [0.0], [0.0], [0.0], [0.0], [0.0], [0.0], [0.0], [0.0], [0.0], [0.0], [0.0], [0.0], [0.0], [0.0]], "total_energy": [[0.0], [0.0], [0.0], [0.0], [0.0], [0.0], [0.0], [0.0], [0.0], [0.0], [0.0], [0.0], [0.0], [0.0], [0.0], [0.0]]}, "aerodynamics": {"drag_coefficient": [[0.0616807176650917], [0.06200063039544781], [0.06295875912704219], [0.0645490314963878], [0.06675722193367017], [0.06955499038796972], [0.07289210033859188], [0.07668773731838414], [0.08082249519083741], [0.08513327525523054], [0.08941376416233336], [0.09342293395666916], [0.09690281251226075], [0.09960457447146513], [0.10131927244229358], [0.10190722251604345]], "angle_of_attack": [[0.07019131567443535], [0.07039172678722118], [0.07098818841010329], [0.0719660435729622], [0.07329978794414395], [0.07495168031149098], [0.07687025228521299], [0.07898917186475254], [0.08122701159033435], [0.08348849480064188], [0.085667696259922], [0.08765342319547968], [0.08933660499375967], [0.09061903678143889], [0.09142237215188623], [0.09169598831718635]], "lift_coefficient_wing": {"vertical_stabilizer": [[0.17845177255497302], [0.17896129026343469], [0.18047771195807882], [0.18296377430692518], [0.1863546360522235], [0.19055434534945886], [0.19543205089173699], [0.20081911268473868], [0.20650851260390068], [0.21225802283326478], [0.2177983430199764], [0.22284678082251047], [0.22712603919727162], [0.23038644575174727], [0.23242881551551345], [0.23312444700821797]], "main_wing": [[0.17845177255497302], [0.17896129026343469], [0.18047771195807882], [0.18296377430692518], [0.1863546360522235], [0.19055434534945886], [0.19543205089173699], [0.20081911268473868], [0.20650851260390068], [0.21225802283326478], [0.2177983430199764], [0.22284678082251047], [0.22712603919727162], [0.23038644575174727], [0.23242881551551345], [0.23312444700821797]]}, "roll_angle": [[0.0], [0.0], [0.0], [0.0], [0.0], [0.0], [0.0], [0.0], [0.0], [0.0], [0.0], [0.0], [0.0], [0.0], [0.0], [0.0]], "lift_coefficient": [[0.4837694128415568], [0.485220793370516], [0.4895422797073129], [0.496633174951329], [0.5063170000257846], [0.5183301363303702], [0.5323092527151808], [0.5477809376307041], [0.5641577937739017], [0.5807455725159372], [0.5967653254290456], [0.6113927119189847], [0.6238135048671054], [0.6332904381557403], [0.6392327972706392], [0.6412577906723391]], "drag_breakdown": {"total": [[0.0616807176650917], [0.06200063039544781], [0.06295875912704219], [0.0645490314963878], [0.06675722193367017], [0.06955499038796972], [0.07289210033859188], [0.07668773731838414], [0.08082249519083741], [0.08513327525523054], [0.08941376416233336], [0.09342293395666916], [0.09690281251226075], [0.09960457447146513], [0.10131927244229358], [0.10190722251604345]], "spoiler_drag": 0.0, "compressible": {"vertical_stabilizer": {"lift_wave_drag": [[0.0], [0.0], [0.0], [0.0], [0.0], [0.0], [0.0], [0.0], [0.0], [0.0], [0.0], [0.0], [0.0], [0.0], [0.0], [0.0]], "crest_critical": [[0.93], [0.93], [0.93], [0.93], [0.93], [0.93], [0.93], [0.93], [0.93], [0.93], [0.93], [0.93], [0.93], [0.93], [0.93], [0.93]], "compressibility_drag": [[3.379518704650064e-10], [3.398174608061227e-10], [3.4540139968509363e-10], [3.5465836548121423e-10], [3.674903514575526e-10], [3.837141964881138e-10], [4.030194759424936e-10], [4.249219228125874e-10], [4.487209779926324e-10], [4.734736556899353e-10], [4.979991547653632e-10], [5.209274925604867e-10], [5.40799052710019e-10], [5.562100068991586e-10], [5.659834992591451e-10], [5.693334926143634e-10]], "volume_wave_drag": [[0.0], [0.0], [0.0], [0.0], [0.0], [0.0], [0.0], [0.0], [0.0], [0.0], [0.0], [0.0], [0.0], [0.0], [0.0], [0.0]], "divergence_mach": [[0.95], [0.95], [0.95], [0.95], [0.95], [0.95], [0.95], [0.95], [0.95], [0.95], [0.95], [0.95], [0.95], [0.95], [0.95], [0.95]]}, "total_lift": [[0.0], [0.0], [0.0], [0.0], [0.0], [0.0], [0.0], [0.0], [0.0], [0.0], [0.0], [0.0], [0.0], [0.0], [0.0], [0.0]], "main_wing": {"lift_wave_drag": [[0.0], [0.0], [0.0], [0.0], [0.0], [0.0], [0.0], [0.0], [0.0], [0.0], [0.0], [0.0], [0.0], [0.0], [0.0], [0.0]], "crest_critical": [[0.93], [0.93], [0.93], [0.93], [0.93], [0.93], [0.93], [0.93], [0.93], [0.93], [0.93], [0.93], [0.93], [0.93], [0.93], [0.93]], "compressibility_drag": [[3.5703703212647754e-09], [3.590079779822868e-09], [3.649072587354315e-09], [3.746869933165586e-09], [3.882436402526342e-09], [4.05383694756316e-09], [4.257792015818294e-09], [4.4891854570218064e-09], [4.740616053254514e-09], [5.002121414064268e-09], [5.261226694033954e-09], [5.5034583960423e-09], [5.713396067041119e-09], [5.876208639682205e-09], [5.979462949265372e-09], [6.014854725128154e-09]], "volume_wave_drag": [[0.0], [0.0], [0.0], [0.0], [0.0], [0.0], [0.0], [0.0], [0.0], [0.0], [0.0], [0.0], [0.0], [0.0], [0.0], [0.0]], "divergence_mach": [[0.95], [0.95], [0.95], [0.95], [0.95], [0.95], [0.95], [0.95], [0.95], [0.95], [0.95], [0.95], [0.95], [0.95], [0.95], [0.95]]}, "fuselage": [[0.0], [0.0], [0.0], [0.0], [0.0], [0.0], [0.0], [0.0], [0.0], [0.0], [0.0], [0.0], [0.0], [0.0], [0.0], [0.0]], "turbojet": [[0.0], [0.0], [0.0], [0.0], [0.0], [0.0], [0.0], [0.0], [0.0], [0.0], [0.0], [0.0], [0.0], [0.0], [0.0], [0.0]], "total": [[3.9083221917297815e-09], [3.9298972406289906e-09], [3.994473987039409e-09], [4.101528298646801e-09], [4.249926753983894e-09], [4.437551144051274e-09], [4.660811491760787e-09], [4.9141073798343935e-09], [5.189337031247146e-09], [5.4755950697542034e-09], [5.759225848799317e-09], [6.024385888602787e-09], [6.2541951197511385e-09], [6.432418646581364e-09], [6.5454464485245175e-09], [6.584188217742518e-09]], "total_volume": [[0.0], [0.0], [0.0], [0.0], [0.0], [0.0], [0.0], [0.0], [0.0], [0.0], [0.0], [0.0], [0.0], [0.0], [0.0], [0.0]]}, "miscellaneous": {"fuselage_base": [[0.0], [0.0], [0.0], [0.0], [0.0], [0.0], [0.0], [0.0], [0.0], [0.0], [0.0], [0.0], [0.0], [0.0], [0.0], [0.0]], "fuselage_upsweep": [[1.6748080949057922e-05], [1.6748080949057922e-05], [1.6748080949057922e-05], [1.6748080949057922e-05], [1.6748080949057922e-05], [1.6748080949057922e-05], [1.6748080949057922e-05], [1.6748080949057922e-05], [1.6748080949057922e-05], [1.6748080949057922e-05], [1.6748080949057922e-05], [1.6748080949057922e-05], [1.6748080949057922e-05], [1.6748080949057922e-05], [1.6748080949057922e-05], [1.6748080949057922e-05]], "control_gaps": [[0.0], [0.0], [0.0], [0.0], [0.0], [0.0], [0.0], [0.0], [0.0], [0.0], [0.0], [0.0], [0.0], [0.0], [0.0], [0.0]], "nacelle_base": {"turbojet": [[9.500047568426916e-05], [9.500047568426916e-05], [9.500047568426916e-05], [9.500047568426916e-05], [9.500047568426916e-05], [9.500047568426916e-05], [9.500047568426916e-05], [9.500047568426916e-05], [9.500047568426916e-05], [9.500047568426916e-05], [9.500047568426916e-05], [9.500047568426916e-05], [9.500047568426916e-05], [9.500047568426916e-05], [9.500047568426916e-05], [9.500047568426916e-05]]}, "total": [[0.00011174855663332708], [0.00011174855663332708], [0.00011174855663332708], [0.00011174855663332708], [0.00011174855663332708], [0.00011174855663332708], [0.00011174855663332708], [0.00011174855663332708], [0.00011174855663332708], [0.00011174855663332708], [0.00011174855663332708], [0.00011174855663332708], [0.00011174855663332708], [0.00011174855663332708], [0.00011174855663332708], [0.00011174855663332708]], "trim_correction_factor": 1.02}, "trim_corrected_drag": [[0.0616807176650917], [0.06200063039544781], [0.06295875912704219], [0.0645490314963878], [0.06675722193367017], [0.06955499038796972], [0.07289210033859188], [0.07668773731838414], [0.08082249519083741], [0.08513327525523054], [0.08941376416233336], [0.09342293395666916], [0.09690281251226075], [0.09960457447146513], [0.10131927244229358], [0.10190722251604345]], "parasite": {"vertical_stabilizer": {"wetted_area": 76.0, "skin_friction_coefficient": [[0.0021609497301553994], [0.0021617176472910784], [0.0021639930995254], [0.0021676916100334086], [0.0021726738763043533], [0.002178748311095312], [0.002185675160979635], [0.0021931726576667233], [0.0022009256309320872], [0.002208596867947018], [0.0022158412299318956], [0.002222322145259128], [0.0022277296339707473], [0.0022317985637176014], [0.002234325498283455], [0.0022351823839900148]], "compressibility_factor": [[0.9838278480600297], [0.9838158787348208], [0.9837803907734367], [0.9837226415812956], [0.9836447161713504], [0.9835495048104458], [0.9834406597299916], [0.9833225207093765], [0.9831999992213446], [0.9830784130007756], [0.9829632677512977], [0.9828599901695612], [0.9827736257657357], [0.9827085244931074], [0.982668044731535], [0.9826543093506482]], "reference_area": 33.91, "form_factor": [[1.02296824105743], [1.0229685688096322], [1.0229695406937924], [1.0229711226423148], [1.0229732580950577], [1.0229758685099108], [1.0229788544219485], [1.0229820973470074], [1.0229854628334658], [1.0229888049091247], [1.0229919720357767], [1.0229948144725554], [1.0229971926814017], [1.0229989861294586], [1.0230001016193389], [1.0230004801789863]], "reynolds_factor": [[0.9932612290654954], [0.993256809047545], [0.9932437068651735], [0.9932223946466477], [0.9931936536875617], [0.9931585639359554], [0.9931184852612136], [0.9930750271467693], [0.993030003475531], [0.9929853698926009], [0.992943142948025], [0.9929053028011099], [0.9928736844280929], [0.99284986547029], [0.9928350613404993], [0.9928300391958539]], "parasite_drag_coefficient": [[0.00046895827991560464], [0.00046912507967707145], [0.0004696193330315105], [0.0004704226933962971], [0.0004715049067009135], [0.00047282436254389215], [0.0004743289878468293], [0.00047595758200693684], [0.00047764168685779075], [0.0004793080534696548], [0.00048088170831539994], [0.0004822895361682026], [0.0004834641961814328], [0.00048434808866029276], [0.00048489701631931263], [0.0004850831585772899]]}, "total": [[0.008701180664543532], [0.008704126460892362], [0.008712854863469172], [0.008727040606217994], [0.008746147558870553], [0.00876943882454322], [0.008795992963604476], [0.008824728027170124], [0.008854434971655804], [0.008883821471545005], [0.008911566108626172], [0.008936381440463199], [0.008957082712288383], [0.008972657281138382], [0.00898232856734162], [0.008985607932315337]], "fuselage": {"wetted_area": 447.0, "skin_friction_coefficient": [[0.0016579712662565778], [0.0016585002392429462], [0.0016600674958249793], [0.0016626143700444983], [0.0016660442140297603], [0.0016702242864167901], [0.0016749887567305123], [0.001680143114480184], [0.001685470249344313], [0.0016907383690085611], [0.0016957107372435277], [0.001700156955789831], [0.0017038652104007293], [0.0017066546075559196], [0.0017083865129763033], [0.0017089737342793712]], "compressibility_factor": [[0.9838278480600297], [0.9838158787348208], [0.9837803907734367], [0.9837226415812956], [0.9836447161713504], [0.9835495048104458], [0.9834406597299916], [0.9833225207093765], [0.9831999992213446], [0.9830784130007756], [0.9829632677512977], [0.9828599901695612], [0.9827736257657357], [0.9827085244931074], [0.982668044731535], [0.9826543093506482]], "reference_area": 11.9, "form_factor": [[1.030223576157065], [1.0302223269044117], [1.03021862211902], [1.0302125905933528], [1.0302044463548998], [1.0301944870126645], [1.0301830900861764], [1.0301707061422354], [1.0301578475197732], [1.03014507163098], [1.0301329583411738], [1.0301220817554635], [1.0301129777992042], [1.0301061100934237], [1.0301018375340771], [1.0301003874006496]], "reynolds_factor": [[0.9932612290654954], [0.993256809047545], [0.9932437068651735], [0.9932223946466477], [0.9931936536875617], [0.9931585639359554], [0.9931184852612136], [0.9930750271467693], [0.9930300034755312], [0.9929853698926009], [0.9929431429480251], [0.9929053028011099], [0.9928736844280929], [0.99284986547029], [0.9928350613404993], [0.9928300391958539]], "parasite_drag_coefficient": [[0.0021312274834014338], [0.0021319048628417113], [0.0021339118055366414], [0.00213717313893262], [0.002141565030653005], [0.0021469174202867654], [0.0021530178832963134], [0.0021596172944670965], [0.0021664376291501727], [0.0021731821125427825], [0.0021795476919934764], [0.0021852394766401556], [0.0021899864020865326], [0.0021935570036592154], [0.0021957739080172792], [0.0021965255661275805]]}, "main_wing": {"wetted_area": 595.4, "skin_friction_coefficient": [[0.0019456196645229284], [0.001946282200774095], [0.0019482453078955818], [0.0019514358599063523], [0.001955733318868935], [0.0019609719974118135], [0.00196694469