{"numerics": {"tolerance_boundary_conditions": 1e-08, "solver_jacobian": "none", "time": {"integrate": [], "control_points": [], "differentiate": []}, "number_control_points": 16, "tag": "numerics", "tolerance_solution": 1e-08, "converged": null, "discretization_method": null, "dimensionless": {"integrate": [], "control_points": [], "differentiate": []}}, "segments": {"climb_1": {"numerics": {"tolerance_boundary_conditions": 1e-08, "solver_jacobian": "none", "time": {"integrate": [[0.0, 0.0, 0.0, 0.0, 0.0, 0.0, 0.0, 0.0, 0.0, 0.0, 0.0, 0.0, 0.0, 0.0, 0.0, 0.0], [0.0, 2.3874309374763394, -1.4436306453170138, 1.377698198635192, -1.356820053378493, 1.3475104526491906, -1.34255985168997, 1.3396273323869954, -1.3377623123303792, 1.3365189149305763, -1.3356659086753369, 1.3350744863066921, -1.3346693594179273, 1.3344055074860335, -1.3342564527335596, 0.6671041119859997], [0.0, 4.037246445894719, 2.735267871883436, -0.40088194319443643, 0.17865799332308202, -0.0988156048397017, 0.06012438599203519, -0.03831106976420772, 0.024841600244619948, -0.01602968588560451, 0.010060456056356576, -0.005957501094492476, 0.0031636730896500175, -0.0013513574663220633, 0.00033006524086899163, -3.2212078347151267e-15], [0.0, 3.785618629104592, 6.1770122319955245, 5.4718102218389895, -1.948455135267214, 1.610458770204868, -1.487714405450633, 1.4273411355870886, -1.3928356599570981, 1.3713230647179635, -1.357205014969875, 1.3477073361123797, -1.3413342839725897, 1.3372404164424083, -1.3349472265315483, 0.667104111985997], [0.0, 3.8954462862228163, 5.568318504235125, 10.544831136723396, 5.401879582713509, -0.8216399218623488, 0.37264631117017794, -0.20686178443777653, 0.12410857934661611, -0.07632031166370658, 0.0464141334775441, -0.02690947073291785, 0.014088662585478931, -0.005963363346272446, 0.0014491212544361757, -4.641562409708296e-15], [0.0, 3.83560227185693, 5.853199619859375, 9.603081159138593, 11.861730104826036, 7.718983123449157, -2.297539254661584, 1.7656991774953354, -1.5693590672701345, 1.471370531085716, -1.4149825527162918, 1.380082542256507, -1.357906099233536, 1.3441546042915216, -1.336613973150965, 0.6671041119859966], [0.0, 3.87172305663669, 5.691814553563086, 10.054238745683062, 10.643663766617268, 15.257492316078313, 7.09198725424297, -1.061670106878722, 0.4678194982540217, -0.2482886257718939, 0.13889149370405082, -0.07648893805274955, 0.038762483193288434, -0.0160793989161447, 0.003864392700211042, -4.261280673152597e-15], [0.0, 3.8487461413713104, 5.791121630894253, 9.796230331128244, 11.22894210966197, 13.837567932749806, 15.352705913971684, 8.797481689151986, -2.427471627506232, 1.8015694605948358, -1.5715756953024052, 1.458258503053197, -1.395167755167398, 1.3590392329198788, -1.3401182434426353, 0.6671041119859973], [0.0, 3.863713862139508, 5.727687487111535, 9.954621407130864, 10.896497846162264, 14.513128892761134, 13.8164471279041, 17.391925932087634, 7.5011808394014166, -1.0688975494447506, 0.4381934886809109, -0.20839398441851445, 0.09743154480722549, -0.038603134834841506, 0.009057701297564167, -2.1364385563295406e-15], [0.0, 3.8539394499686694, 5.768597894975553, 9.854899392742189, 11.097037063296206, 14.136869927726678, 14.532096990298825, 15.830843030299382, 16.026124411460128, 8.526029334255965, -2.315939118619606, 1.7110925825981949, -1.4947850937196066, 1.3949121664683297, -1.3481274379398247, 0.6671041119860002], [0.0, 3.8602095918478394, 5.742572115739892, 9.917359751197, 10.974673806958952, 14.356535750175022, 14.146646057413227, 16.533813371851537, 14.53296335105807, 16.581347619188506, 6.5567782979815314, -0.841181979582578, 0.2905807167968599, -0.1006811237999595, 0.022201570811936463, 7.309763581811637e-16], [0.0, 3.856354721414442, 5.758481859405683, 9.879573213349987, 11.047457595976372, 14.22934728795318, 14.360128676190655, 16.174553949206786, 15.171316089019177, 15.245370277328735, 13.763193119321018, 6.952876766501952, -1.9853774847599486, 1.5184082157962868, -1.3718506675259547, 0.6671041119859998], [0.0, 3.8585428452284156, 5.749486303589001, 9.900787935936036, 11.00704901310307, 14.298758212428588, 14.246693523780971, 16.357289964538488, 14.871321392966305, 15.771522769977542, 12.665302651225794, 12.96900326051067, 4.421851654096476, -0.4244937359361276, 0.07218521356428209, -4.861449524935374e-15], [0.0, 3.857473777427996, 5.753869853525724, 9.890498202845786, 11.026505626337933, 14.265700965374338, 14.299838050412523, 16.27382092830875, 15.002765374345593, 15.557892202506864, 13.040368802298353, 12.176098355892362, 8.96033559515789, 4.351458848147955, -1.5136508271978533, 0.6671041119859956], [0.0, 3.8578520714304165, 5.752321212545376, 9.89412301138135, 11.019681862908762, 14.277219106134028, 14.281497673568351, 16.302216616911743, 14.959035196166392, 15.626368216216866, 12.928250968781464, 12.377368178621934, 8.515963677300272, 7.196149141376399, 1.4703729051925298, -5.146232040744425e-15], [0.0, 3.857803842668859, 5.752518496059409, 9.893661875935425, 11.020548125243453, 14.27576142143069, 14.283808364526935, 16.29866252855337, 14.96445430458139, 15.6180165884989, 12.941553197458656, 12.354756349215444, 8.559453651963464, 7.086726720031386, 2.523595618696866, 0.6671041119859947]], "control_points": [[0.0], [1.6400053583142868], [6.48834532948], [14.333124191840797], [24.83148746568607], [37.52460629921257], [51.857730491053374], [67.20443373606436], [82.89399146078594], [98.24069470579694], [112.57381889763772], [125.2669377311642], [135.76530100500952], [143.61007986737033], [148.45841983853603], [150.09842519685031]], "differentiate": [[-1.0015650273224077, 1.2195082106656903, -0.30824499906207786, 0.13953691974137156, -0.08054289952479664, 0.053298360655737745, -0.03856705607942185, 0.029759941254095066, -0.02412720107640281, 0.02035816222584168, -0.017766120218579245, 0.015965904780814607, -0.014731304576315881, 0.01392659903710854, -0.01347178558262447, 0.006662295081967216], [-0.30487705266642257, 0.15075455313538383, 0.20625616312949366, -0.07878284392632379, 0.043119279542816885, -0.02786710660784535, 0.01991328753655663, -0.015252172934971544, 0.012307088525341665, -0.010351893001538496, 0.009014384055638036, -0.008088852330203195, 0.007455715159309991, -0.007043737938844371, 0.006811134717264723, -0.0033679463956561174], [0.07706124976551947, -0.20625616312949366, 0.03678980000312086, 0.12747331920317018, -0.054516286935714225, 0.0322203760618983, -0.022041294948977455, 0.016470099214948023, -0.013088038000247559, 0.0108989034809186, -0.009426361276103657, 0.008419025514448012, -0.00773533066875342, 0.007292789894833731, -0.007043737938844371, 0.003481649759277136], [-0.03488422993534289, 0.07878284392632379, -0.12747331920317018, 0.015600701895632056, 0.0952529431412718, -0.043119279542816906, 0.026649180327868865, -0.018913849659115446, 0.014585579789667465, -0.011917875751552983, 0.010179081112920842, -0.009014384055638038, 0.008235049607474012, -0.00773533066875342, 0.007455715159309991, -0.0036828261440789703], [0.02013572488119916, -0.043119279542816885, 0.054516286935714225, -0.0952529431412718, 0.008072124342997703, 0.07878284392632383, -0.037001073329407365, 0.023599963845305494, -0.017222819051765214, 0.013622269434529446, -0.011397007392897321, 0.009956643768278319, -0.009014384055638034, 0.008419025514448009, -0.008088852330203193, 0.00399147619520365], [-0.013324590163934436, 0.02786710660784535, -0.0322203760618983, 0.043119279542816906, -0.07878284392632383, 0.004441530054644861, 0.06976845987068572, -0.03369291826671322, 0.022041294948977455, -0.016470099214948023, 0.013324590163934436, -0.011397007392897323, 0.01017908111292084, -0.009426361276103653, 0.009014384055638034, -0.004441530054644811], [0.009641764019855463, -0.01991328753655663, 0.022041294948977455, -0.026649180327868865, 0.037001073329407365, -0.06976845987068572, 0.002276111731697523, 0.06516057449179431, -0.0322203760618983, 0.021559639771408443, -0.01647009921494803, 0.013622269434529452, -0.011917875751552983, 0.010898903480918596, -0.010351893001538496, 0.00508954055646042], [-0.0074399853135237665, 0.015252172934971544, -0.016470099214948023, 0.018913849659115446, -0.023599963845305494, 0.03369291826671322, -0.06516057449179431, 0.0007040925222114403, 0.06373665960158513, -0.0322203760618983, 0.022041294948977466, -0.01722281905176522, 0.014585579789667465, -0.013088038000247553, 0.012307088525341665, -0.006031800269100702], [0.006031800269100702, -0.012307088525341665, 0.013088038000247559, -0.014585579789667465, 0.017222819051765214, -0.022041294948977455, 0.0322203760618983, -0.06373665960158513, -0.0007040925222114226, 0.06516057449179428, -0.03369291826671324, 0.023599963845305508, -0.018913849659115443, 0.016470099214948023, -0.01525217293497154, 0.007439985313523765], [-0.00508954055646042, 0.010351893001538496, -0.0108989034809186, 0.011917875751552983, -0.013622269434529446, 0.016470099214948023, -0.021559639771408443, 0.0322203760618983, -0.06516057449179428, -0.002276111731697641, 0.06976845987068586, -0.037001073329407407, 0.026649180327868865, -0.02204129494897745, 0.01991328753655663, -0.009641764019855463], [0.004441530054644811, -0.009014384055638036, 0.009426361276103657, -0.010179081112920842, 0.011397007392897321, -0.013324590163934436, 0.01647009921494803, -0.022041294948977466, 0.03369291826671324, -0.06976845987068586, -0.004441530054644831, 0.0787828439263239, -0.04311927954281686, 0.03222037606189827, -0.027867106607845332, 0.013324590163934428], [-0.003991476195203652, 0.008088852330203195, -0.008419025514448012, 0.009014384055638038, -0.009956643768278319, 0.011397007392897323, -0.013622269434529452, 0.01722281905176522, -0.023599963845305508, 0.037001073329407407, -0.0787828439263239, -0.008072124342997453, 0.09525294314127151, -0.0545162869357141, 0.04311927954281683, -0.02013572488119913], [0.0036828261440789703, -0.007455715159309991, 0.00773533066875342, -0.008235049607474012, 0.009014384055638034, -0.01017908111292084, 0.011917875751552983, -0.014585579789667465, 0.018913849659115443, -0.026649180327868865, 0.04311927954281686, -0.09525294314127151, -0.015600701895632164, 0.12747331920317004, -0.07878284392632379, 0.03488422993534289], [-0.003481649759277135, 0.007043737938844371, -0.007292789894833731, 0.00773533066875342, -0.008419025514448009, 0.009426361276103653, -0.010898903480918596, 0.013088038000247553, -0.016470099214948023, 0.02204129494897745, -0.03222037606189827, 0.0545162869357141, -0.12747331920317004, -0.03678980000312118, 0.206256163129494, -0.07706124976551956], [0.0033679463956561174, -0.006811134717264723, 0.007043737938844371, -0.007455715159309991, 0.008088852330203193, -0.009014384055638034, 0.010351893001538496, -0.012307088525341665, 0.01525217293497154, -0.01991328753655663, 0.027867106607845332, -0.04311927954281683, 0.07878284392632379, -0.206256163129494, -0.15075455313538355, 0.30487705266642257], [-0.006662295081967216, 0.01347178558262447, -0.013926599037108543, 0.014731304576315881, -0.0159659047808146, 0.017766120218579245, -0.02035816222584168, 0.02412720107640281, -0.02975994125409506, 0.03856705607942185, -0.05329836065573771, 0.08054289952479653, -0.13953691974137156, 0.30824499906207825, -1.2195082106656903, 1.0015650273224075]]}, "number_control_points": 16, "tag": "numerics", "tolerance_solution": 1e-08, "converged": null, "discretization_method": null, "dimensionless": {"integrate": [[0.0, 0.0, 0.0, 0.0, 0.0, 0.0, 0.0, 0.0, 0.0, 0.0, 0.0, 0.0, 0.0, 0.0, 0.0, 0.0], [0.0, 0.015905769393285, -0.009617893348472701, 0.009178631933202333, -0.00903953556873803, 0.00897751226158412, -0.008944529897160722, 0.008924992588230742, -0.008912567274279777, 0.008904283393898139, -0.00889860041451897, 0.008894660184180983, -0.008891961109302392, 0.00889020324987417, -0.008889210203129818, 0.004444444444444433], [0.0, 0.026897327141174012, 0.01822316169071195, -0.002670793798593755, 0.001190272270270501, -0.0006583387181451605, 0.0004005664011010347, -0.00025523965167498404, 0.00016550207113792708, -0.00010679449744114224, 6.702572690661172e-05, -3.969063024265153e-05, 2.1077323666127342e-05, -9.00314220185716e-06, 2.1989920309698075e-06, -2.1460637115216855e-17], [0.0, 0.025220908374887, 0.04115307821447512, 0.03645481433041584, -0.012981183065124528, 0.010729351544446864, -0.009911592366805534, 0.009509367827911362, -0.009279482167320737, 0.009136158909858699, -0.00904210029645504, 0.008978823957312646, -0.008936364803384602, 0.00890909024987205, -0.00889381234200691, 0.004444444444444415], [0.0, 0.025952612634769726, 0.03709778098559272, 0.07025277662236705, 0.03598891577729133, -0.005474007610571455, 0.0024826796862223014, -0.001378174249106761, 0.0008268479778108986, -0.0005084684370513175, 0.000309224653201212, -0.00017927883452225935, 9.386282745473181e-05, -3.972968629385448e-05, 9.654473406604297e-06, -3.092345841484348e-17], [0.0, 0.025553914152174707, 0.0389957430411615, 0.06397856037826109, 0.07902634614100497, 0.051426143301143264, -0.015306884476958493, 0.011763608946460733, -0.010455533195714475, 0.009802704653003856, -0.009427031302031168, 0.00919451713398434, -0.009046771126696874, 0.008955154609574995, -0.008904916699812335, 0.004444444444444412], [0.0, 0.025794561478969698, 0.03792054810767278, 0.0669843053482885, 0.07091122876644688, 0.10164991602056114, 0.04724891180531712, -0.007073159531729718, 0.00311675154246614, -0.0016541720903884875, 0.0009253361154315784, -0.0005095918758137284, 0.00025824710114348245, -0.00010712570032001982, 2.5745724481406038e-05, -2.83899092716265e-17], [0.0, 0.025641482489398383, 0.03858216116058075, 0.06526537715689378, 0.07481052579289553, 0.0921899607847463, 0.10228425710554255, 0.058611418991333916, -0.016172532285549726, 0.012002587357143307, -0.010470301025752422, 0.00971534845312819, -0.009295019273770997, 0.009054320397682607, -0.008928263182542414, 0.004444444444444417], [0.0, 0.025741201861860605, 0.03815954417642834, 0.06632062524357353, 0.07259568401115322, 0.09669074724619882, 0.09204924775049556, 0.11587014260328554, 0.049975080215290776, -0.007121310886792571, 0.00291937432458889, -0.0013883822175030215, 0.0006491177017976469, -0.0002571854753586819, 6.034507880868983e-05, -1.423358408675944e-17], [0.0, 0.025676081843725707, 0.03843210138554207, 0.065656247757548, 0.07393173545120624, 0.09418399899390369, 0.09681711830913846, 0.10546974766415856, 0.10677076984946555, 0.056802923302321735, -0.01542946980011489, 0.011399803697834537, -0.009958699378486039, 0.009293316466438188, -0.008981622799651558, 0.004444444444444437], [0.0, 0.025717855379130537, 0.03825870996453596, 0.0660723770964994, 0.07311651533029706, 0.09564747752247757, 0.09424913045463505, 0.11015314351345029, 0.09682289026016398, 0.1104698306957084, 0.04368319180819173, -0.005604202565612457, 0.001935934480430228, -0.0006707673559394027, 0.0001479134160323112, 4.8699801961446735e-18], [0.0, 0.025692173094800493, 0.038364705371515914, 0.06582063203123667, 0.07360142240991475, 0.09480011045613403, 0.0956714146558014, 0.10775965122881379, 0.10107578456684257, 0.10156915542141641, 0.09169445383101746, 0.04632211668699008, -0.013227170652564648, 0.010116083588518218, -0.009139673955451611, 0.004444444444444434], [0.0, 0.025706751021325063, 0.03830477432423887, 0.065961970773187, 0.07333220850696869, 0.09526254651690133, 0.09491567619778016, 0.10897709248505646, 0.09907713137871327, 0.10507453858555535, 0.08437998356488796, 0.08640332664051703, 0.029459680528275554, -0.0028281025292531533, 0.0004809191933200698, -3.2388411261208805e-17], [0.0, 0.02569962857617604, 0.038333978827423856, 0.06589341753502508, 0.07346183420563505, 0.09504230938242843, 0.09526974071619103, 0.10842099713548656, 0.09995284996941069, 0.10365126870653758, 0.08687878493859104, 0.0811207601940108, 0.0596963997683962, 0.028990702883398847, -0.010084388461855867, 0.004444444444444406], [0.0, 0.025702148882447904, 0.03832366132423676, 0.06591756707910464, 0.07341637228010038, 0.09511904663496512, 0.09514755171374067, 0.10861017759201534, 0.09966150661839385, 0.10410747611591045, 0.08613182284775066, 0.08246167914413044, 0.05673586292548906, 0.04794286903369459, 0.00979605817492204, -3.428571641571369e-17], [0.0, 0.025701827568206968, 0.03832497568522205, 0.06591449485869114, 0.07342214357539248, 0.09510933510933502, 0.09516294621874999, 0.10858649920662446, 0.09969761031773573, 0.10405183510763863, 0.08622044622044592, 0.0823110324642813, 0.057025605969802516, 0.04721386457411077, 0.016812938679318146, 0.0044444444444444]], "control_points": [[0.0], [0.010926199633097156], [0.04322727117869957], [0.09549150281252627], [0.16543469682057088], [0.24999999999999994], [0.3454915028125263], [0.4477357683661733], [0.5522642316338267], [0.6545084971874737], [0.7499999999999999], [0.8345653031794289], [0.9045084971874737], [0.9567727288213005], [0.9890738003669028], [1.0]], "differentiate": [[-150.33333333333377, 183.04626193554887, -46.26708893402249, 20.944271909999163, -12.089362379460118, 8.000000000000002, -5.788854381999832, 4.466920316190448, -3.6214548859758136, 3.0557280900008412, -2.666666666666667, 2.396457164443136, -2.211145618000168, 2.0903605838179637, -2.0220938005415654, 1.0], [-45.76156548388722, 22.628021016876005, 30.958725272881658, -11.825180805870444, 6.472135954999579, -4.182808816630328, 2.9889530997292173, -2.2893271383692513, 1.8472746064120107, -1.5538028373372241, 1.353044850870866, -1.2141239964133728, 1.1190911041287137, -1.0572539721198484, 1.0223405948650293, -0.5055234501353914], [11.566772233505622, -30.958725272881658, 5.522091043775521, 19.133544467011262, -8.18280881663033, 4.836227706141229, -3.3083636611408074, 2.472135954999579, -1.9644938927536926, 1.6359082488583518, -1.4148819828797312, 1.263682471410749, -1.1610609517567874, 1.0946362785060466, -1.0572539721198484, 0.522590145954491], [-5.236067977499791, 11.825180805870444, -19.133544467011262, 2.341640786499889, 14.297316760870023, -6.472135954999581, 4.0, -2.8389390482432124, 2.1892725570120937, -1.7888543819998317, 1.5278640450004208, -1.3530448508708661, 1.2360679774997896, -1.1610609517567874, 1.1190911041287137, -0.552786404500042], [3.0223405948650295, -6.472135954999579, 8.18280881663033, -14.297316760870023, 1.2116131518771152, 11.82518080587045, -5.553802837337225, 3.5423174078829587, -2.5851180171202697, 2.0446811897300585, -1.7106728616307487, 1.494476549864609, -1.3530448508708657, 1.2636824714107486, -1.2141239964133723, 0.5991142911107837], [-2.0000000000000004, 4.182808816630328, -4.836227706141229, 6.472135954999581, -11.82518080587045, 0.6666666666666741, 10.472135954999574, -5.057253972119846, 3.3083636611408074, -2.472135954999579, 2.0000000000000004, -1.710672861630749, 1.5278640450004206, -1.4148819828797308, 1.3530448508708657, -0.6666666666666666], [1.447213595499958, -2.9889530997292173, 3.3083636611408074, -4.0, 5.553802837337225, -10.472135954999574, 0.34164078649987406, 9.780499616140382, -4.836227706141229, 3.2360679774997894, -2.47213595499958, 2.0446811897300594, -1.7888543819998317, 1.6359082488583514, -1.5538028373372241, 0.7639320225002103], [-1.116730079047612, 2.2893271383692513, -2.472135954999579, 2.8389390482432124, -3.5423174078829587, 5.057253972119846, -9.780499616140382, 0.10568317877681555, 9.566772233505636, -4.836227706141228, 3.3083636611408087, -2.5851180171202706, 2.1892725570120937, -1.9644938927536917, 1.8472746064120107, -0.9053637214939534], [0.9053637214939534, -1.8472746064120107, 1.9644938927536926, -2.1892725570120937, 2.5851180171202697, -3.3083636611408074, 4.836227706141229, -9.566772233505636, -0.10568317877681288, 9.780499616140377, -5.057253972119849, 3.542317407882961, -2.838939048243212, 2.4721359549995787, -2.289327138369251, 1.1167300790476118], [-0.7639320225002103, 1.5538028373372241, -1.6359082488583518, 1.7888543819998317, -2.0446811897300585, 2.472135954999579, -3.2360679774997894, 4.836227706141228, -9.780499616140377, -0.3416407864998918, 10.472135954999594, -5.553802837337231, 4.0, -3.308363661140807, 2.9889530997292173, -1.447213595499958], [0.6666666666666667, -1.353044850870866, 1.4148819828797312, -1.5278640450004208, 1.7106728616307487, -2.0000000000000004, 2.47213595499958, -3.3083636611408087, 5.057253972119849, -10.472135954999594, -0.6666666666666696, 11.82518080587046, -6.472135954999574, 4.836227706141225, -4.182808816630326, 1.9999999999999991], [-0.599114291110784, 1.2141239964133728, -1.263682471410749, 1.3530448508708661, -1.494476549864609, 1.710672861630749, -2.0446811897300594, 2.5851180171202706, -3.542317407882961, 5.553802837337231, -11.82518080587046, -1.2116131518770779, 14.297316760869979, -8.182808816630311, 6.47213595499957, -3.0223405948650255], [0.552786404500042, -1.1190911041287137, 1.1610609517567874, -1.2360679774997896, 1.3530448508708657, -1.5278640450004206, 1.7888543819998317, -2.1892725570120937, 2.838939048243212, -4.0, 6.472135954999574, -14.297316760869979, -2.341640786499905, 19.13354446701124, -11.825180805870444, 5.236067977499791], [-0.5225901459544909, 1.0572539721198484, -1.0946362785060466, 1.1610609517567874, -1.2636824714107486, 1.4148819828797308, -1.6359082488583514, 1.9644938927536917, -2.4721359549995787, 3.308363661140807, -4.836227706141225, 8.182808816630311, -19.13354446701124, -5.522091043775568, 30.95872527288171, -11.566772233505636], [0.5055234501353914, -1.0223405948650293, 1.0572539721198484, -1.1190911041287137, 1.2141239964133723, -1.3530448508708657, 1.5538028373372241, -1.8472746064120107, 2.289327138369251, -2.9889530997292173, 4.182808816630326, -6.47213595499957, 11.825180805870444, -30.95872527288171, -22.628021016875962, 45.76156548388722], [-1.0, 2.0220938005415654, -2.090360583817964, 2.211145618000168, -2.396457164443135, 2.6666666666666665, -3.0557280900008412, 3.6214548859758136, -4.466920316190447, 5.788854381999832, -7.9999999999999964, 12.089362379460102, -20.944271909999163, 46.267088934022546, -183.04626193554887, 150.3333333333337]]}}, "unknowns": {"tag": "unknowns", "throttle": [[1.1036777844608796], [1.1040476074598145], [1.10516640015249], [1.1070576740528448], [1.1097465290881627], [1.1132411474136727], [1.1175117682487226], [1.1224712308183797], [1.1279612995173094], [1.1337484579725392], [1.1395316421514228], [1.1449625370219207], [1.149676803000418], [1.1533323264244908], [1.155648822586021], [1.1564423516232822]], "body_angle": [[0.22874200036828604], [0.2289426248497316], [0.22953972190312186], [0.23051861946138152], [0.2318537847883677], [0.23350743120887302], [0.23542802466255816], [0.23754914644035555], [0.2397892643064943], [0.2420529861257738], [0.24423427138614004], [0.24622182417351182], [0.24790649240423218], [0.24919001556606543], [0.24999401532776191], [0.25026785427425025]]}, "conditions": {"freestream": {"stagnation_temperature": [[296.3804199909861], [296.16380921629], [295.52345707408807], [294.48738748735764], [293.10093685778634], [291.4247630985643], [289.53218363063297], [287.5059605820519], [285.4346755050868], [283.4088534670746], [281.51700668192075], [279.84177059018975], [278.45630048160325], [277.4210847283626], [276.7813120965765], [276.56490630659397]], "reynolds_number": [[8803886.01326629], [8780884.274243908], [8713141.955197161], [8604345.088739153], [8460308.688129175], [8288529.925071568], [8097645.10892728], [7896854.314525474], [7695374.05104413], [7501965.803795282], [7324569.986434876], [7170054.857333257], [7044072.014120589], [6950996.888606786], [6893925.579813612], [6874698.475969054]], "temperature": [[288.15], [287.93338922530387], [287.2930370831019], [286.2569674963715], [284.8705168668002], [283.19434310757816], [281.3017636396468], [279.27554059106575], [277.2042555141006], [275.17843347608846], [273.2865866909346], [271.6113505992036], [270.22588049061704], [269.19066473737644], [268.5508921055904], [268.3344863156078]], "mach_number": [[0.377908524935029], [0.3780506475086286], [0.37847173462837413], [0.37915603043478335], [0.3800775772812041], [0.3812007214634819], [0.38248091829367026], [0.38386591432857053], [0.38529737866896047], [0.3867130285313582], [0.38804924490086345], [0.3892441043969946], [0.39024067177992955], [0.3909903182077045], [0.3914557720722815], [0.3916135904425522]], "density": [[1.2250000002007604], [1.221085688859251], [1.2095700043351483], [1.1911141595591042], [1.1667548057295722], [1.1378161090237418], [1.1058047476625388], [1.0723014333897953], [1.0388613596601548], [1.0069328095782075], [0.9777989039178944], [0.9525431084055223], [0.9320354668915364], [0.9169340884116148], [0.9076953520091874], [0.9045864861583481]], "speed_of_sound": [[340.77798740529], [340.64987693936354], [340.2708703652982], [339.6567539832715], [338.83321260854], [337.83489720650516], [336.7041344838569], [335.48929911091074], [334.24288271970994], [333.0193116061983], [331.8725863867142], [330.85383977791435], [330.0089300360939], [329.3762033315825], [328.98456412818337], [328.85198495059086]], "altitude": [[0.0], [33.324908880946325], [131.84317709503367], [291.24908357820516], [504.5758253027412], [762.4999999999999], [1053.749083578205], [1365.5940935168285], [1684.4059064831713], [1996.250916421795], [2287.4999999999995], [2545.424174697258], [2758.750916421795], [2918.1568229049667], [3016.675091119054], [3050.0]], "dynamic_pressure": [[10129.500501660083], [10097.133139463369], [10001.910174447254], [9849.29916311104], [9647.872153481718], [9408.57864919514], [9143.87734232658], [8866.839106671549], [8590.323805802627], [8326.307263746006], [8085.39958051899], [7876.559912543095], [7706.982635016776], [7582.109638393875], [7505.71471185693], [7480.007562313657]], "gravity": [[9.80665], [9.80665], [9.80665], [9.80665], [9.80665], [9.80665], [9.80665], [9.80665], [9.80665], [9.80665], [9.80665], [9.80665], [9.80665], [9.80665], [9.80665], [9.80665]], "universal_gas_constant": 287.87, "pressure": [[101325.0], [100925.30495714533], [99751.17235108379], [97874.90496004953], [95408.92480186395], [92495.0628470923], [89292.05229651878], [85963.02454142075], [82664.56521123594], [79538.38814639613], [76706.07526060317], [74266.75598448461], [72297.16694736177], [70853.28871972956], [69972.69654930866], [69676.84652331556]], "specific_heat_at_constant_pressure": 1007.5450000000002, "velocity": [[128.6], [128.6], [128.6], [128.6], [128.6], [128.6], [128.6], [128.6], [128.6], [128.6], [128.6], [128.6], [128.6], [128.6], [128.6], [128.6]], "dynamic_viscosity": [[1.789380278077583e-05], [1.7883349180207834e-05], [1.7852423770591522e-05], [1.7802317240828703e-05], [1.7735129242666237e-05], [1.7653691661032368e-05], [1.756146245439015e-05], [1.74623918387703e-05], [1.7360763747951797e-05], [1.726101700520243e-05], [1.7167552399215407e-05], [1.7084533686051912e-05], [1.7015692173785274e-05], [1.6964145669955603e-05], [1.6932242873375704e-05], [1.6921443540629727e-05]], "isentropic_expansion_factor": 1.4, "stagnation_pressure": [[111821.34472549436], [111388.38911933292], [110116.40184949184], [108083.29325848776], [105410.2788765673], [102250.42583928685], [98775.257971377], [95161.33337558778], [91578.45663399846], [88180.6615611799], [85100.45480319716], [82446.19955501572], [80302.05479119404], [78729.62091347793], [77770.37374357614], [77448.05481956028]]}, "energies": {"propulsion_power": [[0.0], [0.0], [0.0], [0.0], [0.0], [0.0], [0.0], [0.0], [0.0], [0.0], [0.0], [0.0], [0.0], [0.0], [0.0], [0.0]], "total_efficiency": [[0.0], [0.0], [0.0], [0.0], [0.0], [0.0], [0.0], [0.0], [0.0], [0.0], [0.0], [0.0], [0.0], [0.0], [0.0], [0.0]], "gravity_energy": [[0.0], [0.0], [0.0], [0.0], [0.0], [0.0], [0.0], [0.0], [0.0], [0.0], [0.0], [0.0], [0.0], [0.0], [0.0], [0.0]], "total_energy": [[0.0], [0.0], [0.0], [0.0], [0.0], [0.0], [0.0], [0.0], [0.0], [0.0], [0.0], [0.0], [0.0], [0.0], [0.0], [0.0]]}, "aerodynamics": {"drag_coefficient": [[0.068033073390041], [0.06838044186070912], [0.06942080497132819], [0.07114758381188312], [0.07354535208903937], [0.076583357189056], [0.08020706281274327], [0.0843287153371217], [0.08881863852534812], [0.09349969732487176], [0.09814782683035927], [0.10250127709085291], [0.10627992277440894], [0.10921359831418459], [0.11107545783096039], [0.11171386320105456]], "angle_of_attack": [[0.07006766849691669], [0.07026829297836223], [0.07086539003175252], [0.07184428759001217], [0.07317945291699836], [0.07483309933750365], [0.07675369279118882], [0.07887481456898618], [0.08111493243512495], [0.08337865425440447], [0.08555993951477066], [0.08754749230214247], [0.08923216053286281], [0.09051568369469609], [0.09131968345639253], [0.09159352240288085]], "lift_coefficient_wing": {"vertical_stabilizer": [[0.0], [0.0], [0.0], [0.0], [0.0], [0.0], [0.0], [0.0], [0.0], [0.0], [0.0], [0.0], [0.0], [0.0], [0.0], [0.0]], "main_wing": [[0.17850146020743357], [0.17901256274102173], [0.18053370220808437], [0.18302750066450837], [0.18642891198014044], [0.19064167240244534], [0.19553449591579983], [0.2009381769963438], [0.20664500753202983], [0.212411970511005], [0.2179689215621371], [0.22303232787200789], [0.22732411815987635], [0.23059396805658564], [0.23264220420526752], [0.2333398248462623]]}, "roll_angle": [[0.0], [0.0], [0.0], [0.0], [0.0], [0.0], [0.0], [0.0], [0.0], [0.0], [0.0], [0.0], [0.0], [0.0], [0.0], [0.0]], "lift_coefficient": [[0.483341067933283], [0.48479509737689], [0.48912447599540293], [0.49622833318179993], [0.5059298685626301], [0.5179649560276227], [0.531969534160082], [0.5474692192239163], [0.5638754128333401], [0.5804924907718343], [0.5965400485213312], [0.6111923272382056], [0.6236338364691328], [0.6331262910732903], [0.6390782485236801], [0.6411064882773451]], "drag_breakdown": {"total": [[0.068033073390041], [0.06838044186070912], [0.06942080497132819], [0.07114758381188312], [0.07354535208903937], [0.076583357189056], [0.08020706281274327], [0.0843287153371217], [0.08881863852534812], [0.09349969732487176], [0.09814782683035927], [0.10250127709085291], [0.10627992277440894], [0.10921359831418459], [0.11107545783096039], [0.11171386320105456]], "compressible": {"vertical_stabilizer": {"lift_wave_drag": [[0.0], [0.0], [0.0], [0.0], [0.0], [0.0], [0.0], [0.0], [0.0], [0.0], [0.0], [0.0], [0.0], [0.0], [0.0], [0.0]], "crest_critical": [[0.93], [0.93], [0.93], [0.93], [0.93], [0.93], [0.93], [0.93], [0.93], [0.93], [0.93], [0.93], [0.93], [0.93], [0.93], [0.93]], "compressibility_drag": [[3.379518704650064e-10], [3.398174608061227e-10], [3.4540139968509363e-10], [3.5465836548121423e-10], [3.674903514575526e-10], [3.837141964881138e-10], [4.030194759424936e-10], [4.249219228125874e-10], [4.487209779926323e-10], [4.734736556899353e-10], [4.979991547653632e-10], [5.209274925604867e-10], [5.40799052710019e-10], [5.562100068991586e-10], [5.659834992591451e-10], [5.693334926143634e-10]], "volume_wave_drag": [[0.0], [0.0], [0.0], [0.0], [0.0], [0.0], [0.0], [0.0], [0.0], [0.0], [0.0], [0.0], [0.0], [0.0], [0.0], [0.0]], "divergence_mach": [[0.95], [0.95], [0.95], [0.95], [0.95], [0.95], [0.95], [0.95], [0.95], [0.95], [0.95], [0.95], [0.95], [0.95], [0.95], [0.95]]}, "total_lift": [[0.0], [0.0], [0.0], [0.0], [0.0], [0.0], [0.0], [0.0], [0.0], [0.0], [0.0], [0.0], [0.0], [0.0], [0.0], [0.0]], "main_wing": {"lift_wave_drag": [[0.0], [0.0], [0.0], [0.0], [0.0], [0.0], [0.0], [0.0], [0.0], [0.0], [0.0], [0.0], [0.0], [0.0], [0.0], [0.0]], "crest_critical": [[0.93], [0.93], [0.93], [0.93], [0.93], [0.93], [0.93], [0.93], [0.93], [0.93], [0.93], [0.93], [0.93], [0.93], [0.93], [0.93]], "compressibility_drag": [[3.5703703212647754e-09], [3.590079779822868e-09], [3.649072587354315e-09], [3.746869933165586e-09], [3.882436402526342e-09], [4.05383694756316e-09], [4.257792015818294e-09], [4.4891854570218064e-09], [4.740616053254513e-09], [5.002121414064268e-09], [5.261226694033954e-09], [5.5034583960423e-09], [5.713396067041119e-09], [5.876208639682205e-09], [5.979462949265372e-09], [6.014854725128154e-09]], "volume_wave_drag": [[0.0], [0.0], [0.0], [0.0], [0.0], [0.0], [0.0], [0.0], [0.0], [0.0], [0.0], [0.0], [0.0], [0.0], [0.0], [0.0]], "divergence_mach": [[0.95], [0.95], [0.95], [0.95], [0.95], [0.95], [0.95], [0.95], [0.95], [0.95], [0.95], [0.95], [0.95], [0.95], [0.95], [0.95]]}, "fuselage": [[0.0], [0.0], [0.0], [0.0], [0.0], [0.0], [0.0], [0.0], [0.0], [0.0], [0.0], [0.0], [0.0], [0.0], [0.0], [0.0]], "turbojet": [[0.0], [0.0], [0.0], [0.0], [0.0], [0.0], [0.0], [0.0], [0.0], [0.0], [0.0], [0.0], [0.0], [0.0], [0.0], [0.0]], "total": [[3.9083221917297815e-09], [3.9298972406289906e-09], [3.994473987039409e-09], [4.101528298646801e-09], [4.249926753983894e-09], [4.437551144051274e-09], [4.660811491760787e-09], [4.9141073798343935e-09], [5.1893370312471456e-09], [5.4755950697542034e-09], [5.759225848799317e-09], [6.024385888602787e-09], [6.2541951197511385e-09], [6.432418646581364e-09], [6.5454464485245175e-09], [6.584188217742518e-09]], "total_volume": [[0.0], [0.0], [0.0], [0.0], [0.0], [0.0], [0.0], [0.0], [0.0], [0.0], [0.0], [0.0], [0.0], [0.0], [0.0], [0.0]]}, "miscellaneous": {"fuselage_base": [[0.0], [0.0], [0.0], [0.0], [0.0], [0.0], [0.0], [0.0], [0.0], [0.0], [0.0], [0.0], [0.0], [0.0], [0.0], [0.0]], "fuselage_upsweep": [[1.6748080949057922e-05], [1.6748080949057922e-05], [1.6748080949057922e-05], [1.6748080949057922e-05], [1.6748080949057922e-05], [1.6748080949057922e-05], [1.6748080949057922e-05], [1.6748080949057922e-05], [1.6748080949057922e-05], [1.6748080949057922e-05], [1.6748080949057922e-05], [1.6748080949057922e-05], [1.6748080949057922e-05], [1.6748080949057922e-05], [1.6748080949057922e-05], [1.6748080949057922e-05]], "control_gaps": [[0.0], [0.0], [0.0], [0.0], [0.0], [0.0], [0.0], [0.0], [0.0], [0.0], [0.0], [0.0], [0.0], [0.0], [0.0], [0.0]], "nacelle_base": {"turbojet": [[0.00011692366238063898], [0.00011692366238063898], [0.00011692366238063898], [0.00011692366238063898], [0.00011692366238063898], [0.00011692366238063898], [0.00011692366238063898], [0.00011692366238063898], [0.00011692366238063898], [0.00011692366238063898], [0.00011692366238063898], [0.00011692366238063898], [0.00011692366238063898], [0.00011692366238063898], [0.00011692366238063898], [0.00011692366238063898]]}, "total": [[0.0001336717433296969], [0.0001336717433296969], [0.0001336717433296969], [0.0001336717433296969], [0.0001336717433296969], [0.0001336717433296969], [0.0001336717433296969], [0.0001336717433296969], [0.0001336717433296969], [0.0001336717433296969], [0.0001336717433296969], [0.0001336717433296969], [0.0001336717433296969], [0.0001336717433296969], [0.0001336717433296969], [0.0001336717433296969]], "trim_correction_factor": 1.02}, "trim_corrected_drag": [[0.068033073390041], [0.06838044186070912], [0.06942080497132819], [0.07114758381188312], [0.07354535208903937], [0.076583357189056], [0.08020706281274327], [0.0843287153371217], [0.08881863852534812], [0.09349969732487176], [0.09814782683035927], [0.10250127709085291], [0.10627992277440894], [0.10921359831418459], [0.11107545783096039], [0.11171386320105456]], "parasite": {"vertical_stabilizer": {"wetted_area": 67.82, "skin_friction_coefficient": [[0.0021609497301553994], [0.0021617176472910784], [0.0021639930995254], [0.0021676916100334086], [0.0021726738763043533], [0.002178748311095312], [0.002185675160979635], [0.0021931726576667233], [0.0022009256309320872], [0.002208596867947018], [0.0022158412299318956], [0.002222322145259128], [0.0022277296339707473], [0.0022317985637176014], [0.002234325498283455], [0.0022351823839900148]], "compressibility_factor": [[0.9838278480600297], [0.9838158787348208], [0.9837803907734367], [0.9837226415812956], [0.9836447161713504], [0.9835495048104458], [0.9834406597299916], [0.9833225207093765], [0.9831999992213446], [0.9830784130007756], [0.9829632677512977], [0.9828599901695612], [0.9827736257657357], [0.9827085244931074], [0.982668044731535], [0.9826543093506482]], "reference_area": 33.91, "form_factor": [[1.02296824105743], [1.0229685688096322], [1.0229695406937924], [1.0229711226423148], [1.0229732580950577], [1.0229758685099108], [1.0229788544219485], [1.0229820973470074], [1.0229854628334658], [1.0229888049091247], [1.0229919720357767], [1.0229948144725554], [1.0229971926814017], [1.0229989861294586], [1.0230001016193389], [1.0230004801789863]], "reynolds_factor": [[0.9932612290654954], [0.993256809047545], [0.9932437068651735], [0.9932223946466477], [0.9931936536875617], [0.9931585639359554], [0.9931184852612136], [0.9930750271467693], [0.993030003475531], [0.9929853698926009], [0.992943142948025], [0.9929053028011099], [0.9928736844280929], [0.99284986547029], [0.9928350613404993], [0.9928300391958539]], "parasite_drag_coefficient": [[0.00041848355978784605], [0.00041863240662761824], [0.00041907346271311896], [0.0004197903561333798], [0.0004207560891112626], [0.00042193352983851], [0.00042327620994436787], [0.0004247295159435586], [0.00042623235793020215], [0.00042771937087252607], [0.0004291236507625056], [0.000430379951880625], [0.00043142818138190486], [0.0004322169391176454], [0.00043270678482599704], [0.00043287289229883947]]}, "total": [[0.010702370247234935], [0.01070599402925252], [0.010716731305964981], [0.01073418195229214], [0.010757686448742948], [0.010786338302383217], [0.010819004003929851], [0.01085435259187479], [0.010890896756869772], [0.010927046737763117], [0.010961176982642989], [0.010991703733112375], [0.011017169551233712], [0.011036328722933548], [0.011048225929324484], [0.011052260065429016]], "fuselage": {"wetted_area": 523.0, "skin_friction_coefficient": [[0.0016579712662565778], [0.0016585002392429462], [0.0016600674958249793], [0.0016626143700444983], [0.0016660442140297603], [0.0016702242864167901], [0.0016749887567305123], [0.001680143114480184], [0.001685470249344313], [0.0016907383690085611], [0.0016957107372435277], [0.0017001569557898305], [0.0017038652104007293], [0.0017066546075559196], [0.0017083865129763033], [0.0017089737342793712]], "compressibility_factor": [[0.9838278480600297], [0.9838158787348208], [0.9837803907734367], [0.9837226415812956], [0.9836447161713504], [0.9835495048104458], [0.9834406597299916], [0.9833225207093765], [0.9831999992213446], [0.9830784130007756], [0.9829632677512977], [0.9828599901695612], [0.9827736257657357], [0.9827085244931074], [0.982668044731535], [0.9826543093506482]], "reference_area": 7.55, "form_factor": [[1.030223576157065], [1.0302223269044122], [1.03021862211902], [1.0302125905933528], [1.0302044463548994], [1.0301944870126645], [1.0301830900861768], [1.0301707061422354], [1.0301578475197741], [1.03014507163098], [1.0301329583411747], [1.030122081755464], [1.0301129777992042], [1.0301061100934237], [1.0301018375340767], [1.0301003874006496]], "reynolds_factor": [[0.9932612290654954], [0.993256809047545], [0.9932437068651735], [0.9932223946466477], [0.9931936536875617], [0.9931585639359554], [0.9931184852612136], [0.9930750271467693], [0.9930300034755312], [0.9929853698926009], [0.9929431429480251], [0.9929053028011099], [0.9928736844280929], [0.99284986547029], [0.9928350613404993], [0.9928300391958539]], "parasite_drag_coefficient": [[0.0024935838340468673], [0.0024943763831458956], [0.00249672455099701], [0.0025005403840307836], [0.0025056789955962442], [0.002511941411208005], [0.00251907908940486], [0.0025268005481125094], [0.0025347804922719046], [0.0025426716887245538], [0.0025501195590885662], [0.002556779074458169], [0.0025623330834256297], [0.002566510767144898], [0.002569104594839007], [0.002569984051643679]]}, "main_wing": {"wetted_area": 716.5, "skin_friction_coefficient": [[0.0019456196645229284], [0.001946282200774095], [0.0019482453078955818], [0.0019514358599063523], [0.001955733318868935], [0.0019609719974118135], [0.001966944697299902], [0.0019734081041833285], [0.0019800902937430562], [0.0019867005798285767], [0.001992941701237361], [0.0019985240112660734], [0.0020031809421237317], [0.002006684633785116], [0.002008860333775944], [0.0020095980801012447]], "compressibility_factor": [[0.9838278480600297], [0.9838158787348208], [0.98